Year_Day	Wind_Speed
1	7.91
2	7.9
3	6.67
4	4.86
5	3.71
6	5.91
7	4.68
8	2.32
9	3.1
10	3.7
11	2.42
12	4.22
13	9.73
14	5.31
15	2.42
16	4.83
17	6.94
18	5.91
19	6.85
20	2.17
21	3.68
22	3.22
23	8.16
24	7.49
25	1.6
26	2.75
27	4.52
28	7.15
29	7.55
30	4.85
31	6.87
32	5.26
33	2.16
34	1.4
35	2.27
36	1.56
37	4.58
38	3.63
39	2.76
40	4.93
41	5.09
42	7.67
43	NaN
44	4.65
45	3.1
46	3.64
47	3.35
48	4.03
49	5.06
50	2.67
51	2.05
52	5.32
53	4.67
54	2.57
55	6.9
56	8.35
57	3.92
58	6.17
59	2.49
60	3.4
61	7.1
62	2.66
63	11.03
64	4.88
65	3.98
66	5.35
67	9.21
68	9.48
69	7.14
70	4.45
71	4.04
72	5.24
73	6.11
74	2.79
75	5.67
76	4.45
77	2.96
78	2.91
79	2.02
80	2.8
81	1.85
82	1.12
83	2.24
84	2.35
85	1.62
86	4.13
87	3.45
88	8.23
89	4.08
90	4.97
91	3.18
92	2.98
93	4.24
94	3.03
95	2.88
96	3.95
97	3.37
98	0.7
99	6.98
100	6.22
101	6.62
102	3.9
103	1.92
104	1.73
105	3.7
106	5.85
107	9.23
108	2.65
109	2.09
110	3.97
111	6.57
112	4.59
113	4.91
114	8.26
115	7.72
116	2.81
117	4.31
118	4.1
119	3.17
120	3.15
121	2.8
122	3.07
123	4.31
124	4.86
125	3.17
126	4.88
127	3.41
128	3.15
129	3.18
130	3.4
131	3.32
132	2.1
133	3.35
134	3.35
135	1.63
136	2.16
137	3.86
138	2.18
139	1.9
140	1.65
141	2.46
142	3.15
143	3.6
144	1.45
145	3.96
146	5.85
147	3.69
148	3.77
149	4.83
150	5.13
151	3.39
152	4.39
153	5.28
154	7.56
155	7.5
156	3.02
157	4.05
158	1.75
159	2.23
160	2.48
161	4.17
162	2.58
163	3.84
164	5.08
165	3.56
166	2.59
167	2.49
168	3.79
169	4.3
170	3.47
171	5.38
172	4.54
173	5.34
174	1.89
175	1.9
176	3.19
177	4.32
178	2.08
179	2.93
180	3.83
181	3.75
182	3.41
183	2.67
184	1.72
185	3.19
186	3.67
187	3.99
188	1.12
189	3.74
190	3.38
191	1.61
192	2.98
193	2.67
194	2.17
195	3.17
196	2.24
197	4.08
198	2.25
199	3.95
200	2.77
201	2.35
202	4.39
203	1.4
204	3.49
205	5.37
206	3.77
207	2.83
208	4.53
209	2.65
210	2.69
211	1.01
212	2.37
213	3.1
214	1.42
215	1.57
216	1.7
217	3.46
218	5.55
219	2.27
220	2.48
221	1.75
222	2.33
223	4.16
224	5.24
225	2.36
226	1.02
227	1.9
228	1.73
229	3.15
230	3.75
231	2.16
232	1.3
233	1.77
234	1.62
235	1.62
236	1.1
237	1.72
238	2.23
239	2.96
240	2.54
241	2.56
242	1.18
243	2.1
244	3.95
245	2.11
246	2.58
247	2.26
248	1.38
249	1.35
250	1.97
251	2.27
252	4.99
253	1.05
254	1.26
255	3.19
256	2.96
257	2.45
258	2.35
259	1.75
260	1.98
261	2.7
262	4.65
263	2.89
264	4.55
265	2.57
266	3.19
267	3.22
268	3.81
269	4.32
270	2.79
271	3.74
272	0.88
273	1.26
274	2.53
275	1.48
276	3.1
277	3.12
278	4.07
279	4.34
280	4.92
281	2.81
282	2.53
283	4.06
284	6.44
285	4.87
286	3.97
287	2.58
288	7.85
289	7.16
290	2.72
291	5.46
292	6.9
293	4.32
294	5.4
295	2.99
296	1.93
297	4.2
298	3.55
299	4.63
300	5.05
301	3.75
302	5.62
303	8.13
304	10.47
305	7.33
306	5.66
307	5.08
308	2.49
309	2.18
310	1.6
311	1.61
312	2.6
313	1.29
314	1.95
315	3.33
316	6.39
317	7.79
318	3.11
319	0.88
320	0.69
321	0.36
322	1.19
323	1.72
324	0.32
325	0.6
326	1.13
327	4.05
328	8.56
329	6.44
330	4.41
331	1.97
332	1.78
333	3.94
334	3.88
335	1.9
336	3.15
337	5.85
338	2.85
339	6.08
340	3.99
341	1.48
342	1.38
343	2.4
344	3.79
345	4.35
346	3.76
347	3.62
348	3.15
349	2.6
350	2.38
351	5.51
352	2.6
353	3.6
354	1.55
355	6.01
356	10.11
357	7.89
358	2.5
359	2.57
360	3.45
361	7.07
362	5.34
363	0.85
364	3.1
365	4.93
366	6.1
