Year_Day	Air_Temp
1	-3
2	-9.92
3	-6.92
4	-4.17
5	-4.04
6	1.33
7	-1.25
8	-1.88
9	3.25
10	0.21
11	7.67
12	11.54
13	7.62
14	-1.71
15	-3.75
16	-1.42
17	1.25
18	-3.04
19	4.71
20	-0.79
21	-7.25
22	-13.38
23	-11.92
24	-9.08
25	-8
26	-4.46
27	-6.17
28	3.96
29	9.12
30	13.38
31	-2
32	-8.67
33	-7.67
34	-8.75
35	-6.29
36	-5.5
37	-4.08
38	-2.38
39	-0.54
40	-4.88
41	-0.71
42	4.96
43	0.54
44	-1.5
45	1.38
46	-0.08
47	-4.58
48	-7.04
49	-1.3
50	1.26
51	-6.46
52	-4.79
53	-2.92
54	0.17
55	-1
56	-0.46
57	0
58	2.17
59	1.57
60	-0.83
61	-2.67
62	-3.29
63	-3.62
64	-2.22
65	0.67
66	2
67	0.83
68	2.12
69	10.17
70	11.38
71	2.29
72	-0.42
73	-0.62
74	2.12
75	0.62
76	-1.46
77	0.17
78	-0.67
79	-2.25
80	-4.46
81	0
82	-0.46
83	-0.42
84	0.71
85	2.92
86	3.71
87	4.58
88	5.12
89	5.12
90	8.83
91	4
92	-0.17
93	0.5
94	2.92
95	6.46
96	5.5
97	14.5
98	12
99	11.67
100	7.83
101	4.38
102	4.71
103	4.71
104	5.54
105	11.62
106	13.92
107	9.29
108	16
109	10.33
110	3.58
111	3.04
112	7.04
113	13
114	8.38
115	5.38
116	7.25
117	11.62
118	11.96
119	15.71
120	17
121	19.58
122	18.38
123	18.96
124	16.29
125	15.33
126	15.58
127	16.12
128	18.17
129	20.08
130	19.46
131	10.21
132	6.62
133	6.42
134	14.46
135	24.46
136	21.17
137	16.75
138	16.83
139	20.46
140	24.83
141	26.96
142	23.46
143	16.58
144	9.67
145	11.25
146	13.79
147	12.79
148	19.33
149	25.5
150	25.71
151	23.83
152	21.88
153	20.29
154	15.42
155	15.75
156	17.08
157	16.5
158	15.29
159	18.12
160	19.79
161	20.71
162	22.25
163	23.62
164	21.42
165	21
166	20.04
167	23.04
168	23.88
169	21
170	18.25
171	20
172	24.17
173	25.96
174	26.33
175	25.67
176	26.62
177	24
178	23.88
179	21.71
180	19.96
181	20.83
182	19.04
183	19.33
184	22.42
185	23.08
186	23.17
187	23
188	22.67
189	23.96
190	24.38
191	24.96
192	22.5
193	21.08
194	23.29
195	25.12
196	27.25
197	29.12
198	29
199	29.42
200	29.38
201	26.17
202	24.33
203	22.33
204	23.12
205	18.96
206	19.08
207	20.08
208	19.96
209	15.88
210	16.92
211	19.25
212	21.7
213	21.88
214	18.33
215	22
216	19.25
217	18.92
218	21.58
219	22.5
220	22.25
221	22.25
222	21.42
223	21
224	22.08
225	19.29
226	13.38
227	NaN
228	24
229	19.04
230	21.21
231	21.38
232	23
233	23.83
234	23.43
235	23.3
236	21.71
237	22.38
238	24.62
239	25.33
240	25.96
241	24.5
242	24.21
243	23.96
244	23.96
245	22.75
246	18.38
247	19.08
248	19.54
249	16.88
250	19.5
251	21.67
252	18.75
253	28.04
254	27.75
255	23.12
256	14.35
257	12.5
258	14.38
259	14.67
260	13.38
261	15.96
262	20.67
263	23.29
264	19.08
265	13.42
266	13.08
267	11.83
268	14.38
269	16.67
270	15.88
271	17.17
272	17
273	17.38
274	17.62
275	20.62
276	20.58
277	21.5
278	20.33
279	20.38
280	12.21
281	12
282	13.42
283	13
284	14.25
285	16.12
286	17.46
287	12.71
288	11.71
289	16.17
290	8.83
291	10.83
292	7.71
293	9.54
294	12.58
295	5.71
296	4.74
297	3.67
298	3.22
299	5.75
300	5.83
301	5.67
302	6.95
303	9.58
304	16.42
305	11.83
306	8.54
307	5.25
308	4.26
309	9.17
310	12.79
311	6.75
312	4.12
313	7.38
314	8.04
315	4.46
316	-1.04
317	-1.96
318	2.96
319	5.92
320	7.46
321	15.45
322	6.06
323	2.58
324	1.17
325	5.71
326	6.96
327	-1.83
328	-6.46
329	-4.25
330	-0.12
331	-1.83
332	-4.71
333	-1.62
334	0.21
335	2.5
336	1.58
337	2.5
338	7.79
339	9.67
340	-0.54
341	-4.67
342	-5.12
343	-2.04
344	-6.42
345	-6.54
346	-11.12
347	-6.33
348	-2.25
349	-5.96
350	-10.92
351	-6.12
352	-6.21
353	0.88
354	6.25
355	6.96
356	3.04
357	0.5
358	-7.33
359	-6.67
360	-2.71
361	0.79
362	4.08
363	4.33
364	-4.62
365	-7.08
