Year_Day	Wind_Speed
1	3.06
2	6.81
3	4.81
4	6.84
5	2.55
6	10.55
7	7.93
8	2.36
9	1.16
10	3.37
11	5.45
12	6.04
13	6.22
14	3.92
15	7.98
16	7.05
17	4.44
18	5.09
19	5.12
20	5.12
21	5.64
22	2.85
23	5.63
24	7.31
25	9.86
26	5.28
27	8.7
28	5.63
29	6.75
30	7.2
31	5.02
32	3.07
33	4.02
34	1.7
35	1.27
36	6.42
37	3.68
38	5.75
39	3.12
40	2.45
41	2.99
42	1.39
43	0.63
44	1.72
45	5.12
46	4.93
47	2.32
48	3.91
49	7.35
50	5.91
51	3.95
52	9.47
53	6.62
54	5.3
55	6.75
56	4.39
57	6.1
58	8.78
59	2.44
60	2.98
61	3.86
62	2.43
63	1.81
64	3.04
65	4.18
66	1.55
67	2.41
68	3.73
69	6.43
70	2.84
71	7.89
72	3.84
73	6.2
74	5.98
75	5.92
76	5.27
77	2.77
78	5.85
79	7.58
80	2.48
81	4.63
82	5.06
83	3.02
84	5.16
85	3.89
86	5.36
87	8.59
88	4.64
89	4.52
90	2.04
91	8.04
92	2.68
93	5.8
94	6.39
95	7.44
96	1.29
97	3.93
98	4.62
99	4.01
100	7.53
101	2.8
102	4.47
103	6.31
104	8.33
105	7.45
106	3.13
107	4.53
108	3.12
109	4.47
110	2.3
111	3.05
112	6.52
113	4.88
114	3.95
115	4.1
116	4.5
117	5.47
118	6.54
119	5.93
120	4.25
121	7.09
122	6.85
123	7.37
124	4.15
125	2.79
126	4.08
127	4.46
128	4.51
129	6.53
130	3.97
131	2.54
132	3.76
133	5.15
134	3.62
135	5.95
136	3.26
137	3.41
138	2.99
139	2.63
140	5.26
141	4.08
142	4.59
143	4.44
144	1.3
145	1.88
146	3.67
147	4.72
148	2.44
149	4.09
150	2.38
151	2.74
152	2.51
153	6.02
154	8.02
155	2.5
156	2.81
157	1.8
158	2.4
159	3.6
160	2.03
161	2.02
162	4.43
163	4.37
164	5.45
165	2.38
166	3.9
167	4.07
168	6.2
169	2.76
170	2.97
171	2.77
172	2.41
173	2.3
174	2.8
175	4.54
176	2.08
177	2.02
178	2.18
179	3.28
180	5.18
181	5
182	6.43
183	5.31
184	4.16
185	3.08
186	2.74
187	4.8
188	7.41
189	5.92
190	4.06
191	2.28
192	1.86
193	3.2
194	5.64
195	2.37
196	6.08
197	3.56
198	2.02
199	2.29
200	1.62
201	1.52
202	1.3
203	3.07
204	3.56
205	3.18
206	2.55
207	3.23
208	4.19
209	5.03
210	3.48
211	2.82
212	3.14
213	1.9
214	1.98
215	1.8
216	1.85
217	1.39
218	2.27
219	1.36
220	2.38
221	2.93
222	3.01
223	3.1
224	5.13
225	5.21
226	3.98
227	2.85
228	4.49
229	3.13
230	2.99
231	3.13
232	3.7
233	2.9
234	1.87
235	2.54
236	2.62
237	1.75
238	3.34
239	2.14
240	2.5
241	2.9
242	5.8
243	4.61
244	5.22
245	4.01
246	1.72
247	3.53
248	5.03
249	3.73
250	2
251	2.2
252	1.64
253	4.48
254	5.96
255	2.63
256	4.01
257	1.18
258	2.08
259	2.52
260	2.17
261	1.76
262	2.44
263	4.45
264	7.83
265	4.4
266	0.86
267	2.17
268	2.05
269	1.31
270	1.8
271	1.02
272	1.02
273	2.77
274	1.89
275	2.27
276	6.57
277	6.96
278	6.49
279	3.69
280	3.22
281	5.67
282	3.3
283	2.49
284	2.64
285	2.23
286	3.85
287	7.93
288	3.19
289	1.91
290	5.91
291	6.72
292	3.4
293	4.45
294	4.84
295	3.59
296	1.72
297	1.97
298	4.8
299	4.03
300	3.57
301	7.33
302	4.84
303	2.05
304	4.08
305	7.4
306	3.2
307	5.06
308	6.5
309	5.04
310	3.68
311	5.55
312	5
313	4.53
314	4.4
315	6.64
316	6.73
317	4.63
318	4.63
319	3.64
320	2.45
321	4.12
322	9.25
323	6.66
324	8.52
325	3.41
326	4.93
327	4.49
328	10.98
329	9.37
330	1.68
331	4.42
332	4.06
333	5.31
334	7.5
335	5.57
336	3.65
337	6.31
338	2.27
339	1.64
340	3.7
341	3.76
342	2.99
343	3.48
344	5.71
345	5.07
346	4.41
347	5.21
348	4.56
349	3.33
350	4.41
351	8.31
352	4.95
353	2.78
354	1.14
355	1.16
356	2.82
357	3.86
358	3.23
359	8.01
360	4.75
361	5.51
362	4.65
363	2.2
364	3.9
365	6.03
