Year_Day	Air_Temp
1	-7.83
2	-8.96
3	-15.85
4	-7.1
5	0
6	-15.53
7	-22.75
8	-14.29
9	-12.54
10	0.17
11	3.67
12	1.29
13	5.29
14	2.32
15	-2
16	-4.62
17	-3.04
18	-10.58
19	-7
20	-0.71
21	-11.12
22	-15.61
23	-12.17
24	-15.58
25	-6.08
26	-10.17
27	-8.96
28	-19.71
29	-14.96
30	-9.38
31	-0.83
32	0.38
33	-2.25
34	-6.88
35	-9.5
36	-5.33
37	-12.42
38	-17.88
39	-13.88
40	-8.71
41	-14.27
42	-11.71
43	-17.79
44	-9.75
45	-4
46	-8
47	-8.25
48	-10.61
49	-1.21
50	3.96
51	0.23
52	3.54
53	1.67
54	-0.62
55	-5.08
56	-6.42
57	-9.46
58	-9.83
59	-11.79
60	-3
61	-9.04
62	-13.38
63	-12.88
64	-7
65	-7.42
66	-4.17
67	0.75
68	-2.54
69	4.38
70	6.25
71	-1.35
72	-11.67
73	2.79
74	3.83
75	-4.38
76	-7.21
77	-0.25
78	5.67
79	3.25
80	0.75
81	3.39
82	-2.17
83	-4
84	-3.33
85	-5.12
86	0.92
87	8.29
88	3
89	3.33
90	6.79
91	11.38
92	8
93	3.04
94	5.04
95	4.46
96	4.75
97	4.33
98	9.04
99	9.17
100	13.25
101	13.38
102	14.5
103	20.04
104	17.25
105	0.38
106	0.46
107	8.29
108	12.79
109	7.46
110	11.08
111	15.83
112	15.29
113	7.33
114	8.5
115	8.92
116	11.67
117	6.75
118	7.96
119	15.83
120	15.17
121	11
122	10.42
123	12.5
124	13.08
125	9
126	10.21
127	11.79
128	19.42
129	22.67
130	17.17
131	17.46
132	21.46
133	23.42
134	16.08
135	13
136	8.04
137	9.62
138	11.21
139	14.12
140	18.38
141	22.58
142	20.04
143	16.75
144	17.83
145	20.38
146	22.54
147	25.38
148	21.12
149	18.29
150	18.62
151	20.38
152	21.54
153	24.62
154	25.04
155	17.42
156	18.17
157	18.91
158	21.46
159	19.83
160	19.75
161	19.6
162	21.78
163	21.83
164	20.42
165	17.08
166	20.54
167	26.96
168	27.7
169	25.96
170	21.71
171	19.42
172	20.46
173	21.62
174	22.25
175	23.71
176	22.75
177	22.42
178	23.17
179	25.5
180	26.21
181	26.58
182	25.54
183	24.83
184	19.33
185	19.12
186	20.25
187	21.83
188	25.88
189	23.46
190	22.38
191	20.96
192	21.42
193	24
194	26.12
195	24.21
196	21.08
197	16.33
198	19.54
199	20.04
200	20.17
201	21.17
202	22.5
203	25.46
204	23.04
205	19.17
206	18.83
207	21.83
208	24.67
209	19.42
210	17.29
211	19.21
212	19.75
213	22.38
214	20.17
215	22.38
216	22.29
217	21.79
218	21.46
219	21.29
220	20.83
221	21.12
222	23.5
223	22
224	21.38
225	19.67
226	18.38
227	17.08
228	19.12
229	21.71
230	22.17
231	22.12
232	23.17
233	23.58
234	24.38
235	23.54
236	22.38
237	24.46
238	25.83
239	23.62
240	20.58
241	19.46
242	24.83
243	25.29
244	24.83
245	22.96
246	22.08
247	23.33
248	26.79
249	21.54
250	18.42
251	18.21
252	19.7
253	20.75
254	17.46
255	14.46
256	14
257	12.58
258	12.54
259	14.21
260	13.33
261	15.29
262	14.96
263	18.04
264	18.7
265	12.42
266	13.3
267	15.33
268	16.25
269	15.56
270	16.96
271	17.71
272	18.71
273	14.67
274	13.79
275	16.71
276	18.92
277	8.46
278	8.75
279	10.92
280	10.62
281	11.71
282	10.67
283	9.08
284	9.79
285	8.12
286	17
287	20.67
288	14.67
289	14.17
290	14.92
291	10
292	6.88
293	10.33
294	9.79
295	9.12
296	7.88
297	9.08
298	13.67
299	10.58
300	12.62
301	18.62
302	8.58
303	6.58
304	6.5
305	3.29
306	1.42
307	7.62
308	11.43
309	8.5
310	7.5
311	4.88
312	4.62
313	4.96
314	9.12
315	12.29
316	2.88
317	-0.43
318	-2.78
319	-2.38
320	-1.18
321	-2.38
322	-9.54
323	-6.42
324	-3.71
325	-6.12
326	0.46
327	10.33
328	11.22
329	1.17
330	-0.67
331	-0.04
332	-3.97
333	2.84
334	14.03
335	5.38
336	-1.83
337	1.4
338	-2.17
339	1.75
340	3.21
341	-0.21
342	1.12
343	3.67
344	0.17
345	-2.7
346	-0.75
347	2.42
348	8.21
349	7
350	6.83
351	1.96
352	-0.75
353	-1
354	-0.88
355	-1.54
356	-1.12
357	7.17
358	9.35
359	3.46
360	3.12
361	7.33
362	3.12
363	-2.46
364	-4.96
365	-7.75
