Year_Day	Air_Temp
1	-5.5
2	-1.75
3	-0.79
4	2.79
5	-9.33
6	-11.46
7	-12.08
8	-16.29
9	-9.62
10	-15.04
11	-4.17
12	-1.96
13	-11.39
14	-14.17
15	-12.25
16	-3.08
17	-2.12
18	3.25
19	1.83
20	-0.79
21	-2.91
22	-2.54
23	-1.83
24	-1.29
25	-1.33
26	-8.08
27	-8.79
28	-7.83
29	-0.58
30	-4
31	-5.29
32	-1.75
33	-7.76
34	-10.76
35	-0.96
36	-11.64
37	-8.96
38	-0.92
39	4.17
40	-5.04
41	-6.83
42	-3.96
43	-6.21
44	-12.79
45	-6.04
46	-17.17
47	-16.79
48	-13.79
49	-10.04
50	-15.71
51	-17
52	-7.67
53	-8.29
54	-14.88
55	-14
56	-7.54
57	-10.71
58	-14
59	-13.12
60	-7.04
61	-6.33
62	-2.68
63	0.92
64	-8.38
65	-11
66	-2.83
67	0.75
68	2.38
69	2.83
70	4.04
71	2.46
72	2.29
73	8
74	5.29
75	10.08
76	7.75
77	2.29
78	1.5
79	2.5
80	6.42
81	-0.17
82	-2.96
83	-2.46
84	4.5
85	4.71
86	-1.12
87	-3.79
88	0.12
89	8.38
90	5.58
91	6.29
92	11.42
93	8.79
94	4.83
95	9.83
96	8.54
97	6.54
98	4.17
99	9.96
100	15.17
101	9.21
102	11.04
103	15.67
104	11.42
105	10.62
106	12.33
107	16.25
108	16.04
109	9.67
110	14.25
111	9.58
112	5.33
113	4.29
114	5.54
115	7.25
116	8.58
117	7.62
118	9.17
119	11.83
120	10.42
121	13.92
122	16.17
123	18.58
124	19.08
125	14.21
126	13.38
127	18.33
128	22.79
129	21.88
130	21.08
131	22.17
132	14.83
133	10.79
134	10.42
135	16.5
136	21.29
137	22.5
138	24.38
139	14.79
140	8.79
141	12.29
142	14.96
143	16.08
144	20.38
145	23.5
146	23.92
147	21.71
148	20.08
149	21.25
150	24.33
151	12.74
152	12.12
153	14.62
154	16.54
155	20
156	21.62
157	18.42
158	19.5
159	22.04
160	19.67
161	23.71
162	21.62
163	22.79
164	19.71
165	24.17
166	25.04
167	24.21
168	21.11
169	23.96
170	20.38
171	20.33
172	24.45
173	24.52
174	26.25
175	22.04
176	19.58
177	20.5
178	17.71
179	18.88
180	18.61
181	19.75
182	19.91
183	19.65
184	18.75
185	19.58
186	21.04
187	22.42
188	23.33
189	18.08
190	19.38
191	20.62
192	21.17
193	20.67
194	21.46
195	23.54
196	20.04
197	19.38
198	23.38
199	25.58
200	25.71
201	23.04
202	24.21
203	21.62
204	22.58
205	24.79
206	25.3
207	25.38
208	25
209	25.88
210	26.55
211	24.25
212	24.62
213	23.17
214	25.21
215	23.17
216	21.62
217	21.42
218	20.58
219	21.42
220	22
221	23.79
222	23.96
223	23
224	21.5
225	21.29
226	24.46
227	23.38
228	24.88
229	25.54
230	24.26
231	25
232	21.92
233	19.38
234	20.33
235	21.71
236	19.86
237	17.25
238	16.88
239	18.71
240	18.26
241	20.88
242	23.92
243	24.21
244	25.38
245	24.58
246	26.08
247	23.5
248	23.12
249	24.96
250	26.17
251	26.17
252	23.46
253	21.17
254	17.38
255	15.25
256	14
257	16.38
258	20.42
259	20.54
260	20.75
261	21.08
262	21.21
263	15.92
264	16.12
265	16.67
266	16.95
267	18.71
268	19.79
269	19.68
270	20.26
271	21.77
272	20.21
273	15.54
274	13.42
275	12.79
276	11.22
277	13.92
278	16.5
279	16
280	17.75
281	17.96
282	18
283	13.25
284	14.92
285	18.58
286	15.12
287	12.29
288	10.79
289	8.88
290	4.58
291	4.71
292	9.36
293	17
294	17.38
295	16.96
296	11.42
297	15.79
298	13.12
299	8.83
300	10.21
301	13.46
302	7.79
303	7.79
304	7.42
305	12.96
306	11.67
307	13.67
308	14.71
309	17.54
310	16.79
311	9.33
312	4.5
313	5.08
314	8.54
315	7.58
316	9.79
317	7.17
318	5.88
319	8.92
320	9.42
321	11.38
322	15.7
323	12.42
324	3.54
325	3.06
326	-0.56
327	-1.96
328	1.79
329	5.12
330	11.17
331	13.46
332	3.17
333	1.08
334	3.96
335	7.96
336	2.25
337	2.79
338	2.79
339	-0.17
340	0.79
341	0.83
342	4
343	7.29
344	7.58
345	9.79
346	13.79
347	16.12
348	14.58
349	7.04
350	8.17
351	5.04
352	-0.38
353	-2.12
354	-0.71
355	7.33
356	10.62
357	10.08
358	9.96
359	7.29
360	5.5
361	6.25
362	1.71
363	5.38
364	1.33
365	-0.29
