Year_Day	Wind_Speed
1	8.21
2	4.3
3	2.57
4	4.71
5	8.28
6	4.67
7	7.38
8	7.42
9	9.66
10	7.03
11	4.8
12	3.36
13	3.73
14	2.73
15	3.85
16	4.25
17	5.85
18	6.3
19	3.22
20	2.76
21	3.46
22	2.02
23	3.98
24	4.78
25	4.67
26	3.99
27	1.19
28	2.2
29	5.34
30	6.43
31	3.66
32	4.46
33	7.28
34	4.19
35	4.58
36	4.67
37	5.28
38	3.59
39	3.48
40	4.39
41	3.08
42	4.34
43	6.62
44	3.13
45	7.99
46	5.45
47	2.14
48	3.47
49	6.11
50	5.57
51	2.96
52	2.9
53	2.64
54	3.9
55	6.56
56	4.42
57	3.77
58	2.29
59	1.9
60	1.48
61	4.28
62	4.87
63	5.75
64	4.39
65	3.85
66	5.66
67	4.42
68	2.88
69	0.95
70	2.8
71	2.59
72	2.05
73	4.89
74	4.14
75	4.15
76	5.96
77	4.47
78	3.97
79	3.03
80	4.7
81	2.92
82	3.06
83	3.49
84	6.26
85	3.02
86	5.24
87	3.42
88	5.75
89	8.39
90	3.33
91	3.13
92	5.93
93	3.12
94	6.26
95	5.97
96	2.2
97	4.88
98	3.9
99	3.95
100	9.85
101	4.97
102	3.08
103	5.9
104	1.95
105	4.05
106	4.31
107	2.37
108	3.35
109	5.52
110	9.8
111	9.67
112	7.28
113	6.45
114	3.17
115	4.42
116	4.26
117	3.24
118	2.25
119	0.98
120	2.96
121	2.35
122	2.55
123	4.05
124	5.44
125	3.28
126	3.47
127	2.07
128	3.63
129	3.72
130	2.34
131	4.16
132	7.39
133	4.62
134	2.33
135	4.09
136	3.22
137	3.84
138	4.99
139	5.6
140	4.11
141	3.36
142	3.83
143	2.34
144	3.24
145	7.38
146	6.2
147	5.85
148	2.57
149	3.5
150	4.63
151	6.35
152	3.88
153	3.69
154	2.95
155	2.08
156	2.03
157	4.9
158	4.25
159	5.92
160	4.71
161	5.79
162	3.65
163	4.56
164	3.05
165	4.72
166	4.33
167	3.28
168	2.78
169	3.67
170	3.5
171	2.65
172	4.54
173	3.82
174	5.87
175	1.9
176	1.68
177	3.16
178	7.1
179	6.43
180	3.42
181	2.89
182	3.44
183	2.88
184	2.42
185	1.1
186	1.38
187	2.05
188	4.7
189	3
190	3.07
191	1.97
192	0.9
193	2.32
194	2.93
195	5.53
196	4.52
197	1.38
198	4.34
199	3.52
200	4.23
201	2.74
202	3.68
203	3.37
204	1.14
205	2.09
206	3.44
207	2.79
208	2.23
209	1.61
210	2.56
211	4.55
212	4.55
213	4.53
214	5.02
215	6.28
216	4.3
217	1.79
218	3.54
219	2.62
220	1.9
221	2.04
222	1.91
223	3.91
224	3.64
225	3.28
226	4.7
227	1.91
228	2.48
229	2.91
230	2.83
231	4.58
232	5.76
233	1.57
234	2.18
235	2.77
236	5.08
237	4.11
238	3.21
239	2.07
240	1.29
241	1.62
242	2.44
243	1.94
244	2.04
245	2.95
246	2.62
247	4.24
248	3.07
249	1.05
250	3.02
251	3.21
252	3.01
253	2.28
254	2.06
255	4.56
256	4.33
257	3.52
258	3.52
259	1.9
260	2.56
261	3.38
262	5.64
263	2.49
264	2.62
265	1.56
266	1.76
267	2.59
268	3.48
269	3.45
270	3.47
271	2.39
272	1.67
273	5.01
274	5.77
275	7.31
276	6.14
277	3.83
278	2.82
279	1.38
280	2.29
281	2.65
282	4.64
283	1.68
284	4.61
285	5.76
286	5.86
287	3.98
288	4.48
289	4.51
290	4.34
291	3.11
292	5.87
293	6.86
294	4.92
295	4
296	3.23
297	5.17
298	4.32
299	1.86
300	3.4
301	6.82
302	8.51
303	3.36
304	3.25
305	6.9
306	1.95
307	1.47
308	1.63
309	3.31
310	7.21
311	4.89
312	1.61
313	1.01
314	2.77
315	2.9
316	10.61
317	10.07
318	5.13
319	5.11
320	2.71
321	3.27
322	8.18
323	8.25
324	5.89
325	3.8
326	5.9
327	4.06
328	2.52
329	3.74
330	6.41
331	7.04
332	4
333	2.25
334	4
335	3.77
336	3.12
337	4.66
338	5.08
339	2.84
340	1.73
341	1.07
342	3.28
343	5.35
344	5.18
345	5.89
346	2.53
347	3.65
348	7.29
349	4.82
350	3.89
351	5.5
352	6.24
353	6.11
354	4.94
355	6.61
356	4.03
357	4.19
358	6.85
359	1.87
360	4.37
361	3.88
362	6.8
363	7.18
364	4.33
365	5.04
