Year_Day	Wind_Speed
1	7.07
2	5.67
3	5.75
4	3.76
5	2.66
6	2.95
7	2.24
8	1.83
9	3.62
10	6.76
11	7.29
12	8.28
13	6.66
14	3.99
15	4.38
16	6.07
17	6.39
18	7.99
19	5.55
20	1.73
21	2.4
22	2.86
23	4.88
24	3.77
25	4.54
26	8.98
27	5.95
28	7.27
29	5.76
30	5.23
31	4.67
32	5.03
33	4.27
34	11.84
35	6.25
36	3.67
37	3.96
38	4.95
39	3.55
40	6.3
41	7.16
42	5.55
43	4.64
44	5.93
45	3.12
46	3.47
47	2.43
48	3.5
49	3.17
50	9.04
51	9.88
52	3
53	3.13
54	4.43
55	6.35
56	7.5
57	5.52
58	6.02
59	8.65
60	9.1
61	5.19
62	6.3
63	1.82
64	2.76
65	2.28
66	2.83
67	5.2
68	5.15
69	5.92
70	3.5
71	2.18
72	1.98
73	3.18
74	2.75
75	2.88
76	7.78
77	8.4
78	4.04
79	4.67
80	3.4
81	3.88
82	5.28
83	4.69
84	4.66
85	5.43
86	2.67
87	2.51
88	7.49
89	3.62
90	4.55
91	7.54
92	6.14
93	6.58
94	6.02
95	5.7
96	2.71
97	5.55
98	6.12
99	4.67
100	6.07
101	4.12
102	5.68
103	4.15
104	3.73
105	4.13
106	3.93
107	3.07
108	2.38
109	1.47
110	4.11
111	4.1
112	4.1
113	2.24
114	4.39
115	2.62
116	3.71
117	4.46
118	5.01
119	5.17
120	3.57
121	3.3
122	3.14
123	3.14
124	1.38
125	4.33
126	4
127	1.98
128	3.65
129	3.35
130	2.37
131	3.75
132	2.7
133	3.97
134	5.61
135	6.82
136	7.17
137	5.76
138	3.31
139	3.52
140	1.03
141	2.62
142	2.37
143	2.31
144	1.59
145	3.15
146	4.19
147	4.97
148	3.4
149	4.27
150	4.9
151	3.09
152	2.52
153	3.03
154	3.55
155	2.65
156	2.35
157	5.77
158	5.26
159	4.8
160	5.91
161	1.94
162	2.77
163	7.12
164	3.99
165	2.73
166	4
167	3.55
168	4.95
169	4.46
170	2.33
171	3.04
172	6
173	5.41
174	3.59
175	3.52
176	2.94
177	1.41
178	4.52
179	4.79
180	4.03
181	2.95
182	2.36
183	4.24
184	2.06
185	1.39
186	2.52
187	3.61
188	4.27
189	3.2
190	3.95
191	4.95
192	2.45
193	3.13
194	4.66
195	4.59
196	5.9
197	4.62
198	2.61
199	3.42
200	4.8
201	2.2
202	NaN
203	4.29
204	3.93
205	1.93
206	2.73
207	4.18
208	2.75
209	1.51
210	1.97
211	2.69
212	2.81
213	1.86
214	1.92
215	1.93
216	2.46
217	2.34
218	3.91
219	3.31
220	2.75
221	3.07
222	2.27
223	1.86
224	3.2
225	4.37
226	4.65
227	2.91
228	2.9
229	5.43
230	2.39
231	2
232	2.96
233	4.5
234	5.82
235	1.77
236	2.31
237	4.03
238	5.06
239	1.64
240	3.13
241	1.62
242	2.3
243	0.92
244	2.58
245	3.24
246	3.76
247	3.14
248	1.18
249	2.23
250	3.6
251	4.05
252	5.36
253	2.07
254	5.46
255	3.3
256	1.67
257	2.85
258	2.94
259	2.9
260	1.88
261	3.24
262	2.8
263	0.8
264	1.6
265	1.13
266	1.39
267	1.64
268	4.11
269	2.51
270	4.39
271	5.22
272	2.83
273	2.69
274	3.98
275	3.18
276	2.21
277	1.18
278	2.67
279	4.53
280	2.75
281	3.02
282	5.69
283	2.85
284	1.33
285	2.61
286	4.8
287	4.18
288	1.61
289	3.63
290	5.13
291	5.73
292	7.97
293	1.78
294	3.37
295	5.56
296	4.91
297	4.07
298	4.41
299	1.47
300	2.83
301	4.9
302	2.47
303	5.77
304	2.85
305	2.88
306	4.58
307	3.64
308	2.49
309	2.22
310	2.83
311	1.46
312	1.59
313	3.46
314	5.49
315	4.84
316	4.97
317	2.42
318	4.19
319	4.09
320	2.77
321	2.36
322	3.36
323	5.66
324	8.07
325	8.18
326	5.42
327	1.8
328	3.01
329	4.05
330	4.02
331	5.07
332	3.53
333	4.64
334	7.49
335	3.97
336	7.54
337	5.45
338	3.18
339	2.21
340	4.25
341	2.8
342	5.67
343	7.81
344	6.17
345	5.53
346	4.57
347	5.9
348	4.2
349	4.95
350	6.92
351	3.56
352	2.46
353	3.96
354	3.29
355	5.08
356	4.46
357	5.3
358	3.68
359	3.33
360	3.13
361	6.31
362	7.22
363	4.44
364	6.81
365	7.12
366	7.3
