Year_Day	Air_Temp
1	-2.17
2	-1.92
3	0.17
4	-2.62
5	-5.54
6	-3.96
7	0.54
8	0.92
9	7.33
10	1.92
11	-10.12
12	-5.75
13	-11.33
14	-2.67
15	4.08
16	1.21
17	-5.08
18	-12.33
19	-10.33
20	-9.04
21	-7.75
22	-3.46
23	-3.79
24	-4.04
25	-0.08
26	3.79
27	-1.42
28	0.67
29	-1.08
30	2.92
31	8.33
32	6.39
33	2.2
34	9.79
35	0.62
36	-1.92
37	-0.79
38	2.96
39	4.25
40	-0.62
41	-4.88
42	-8
43	-8.33
44	-11
45	-10.13
46	-5.25
47	-1
48	-0.21
49	-2.39
50	7.88
51	12.21
52	4.38
53	0.46
54	0.42
55	1.21
56	0.64
57	-1.71
58	1.75
59	9.79
60	7.21
61	0.75
62	-4.46
63	-3.17
64	-0.96
65	-0.29
66	1.17
67	8.09
68	14.96
69	15.74
70	13.88
71	7.08
72	5.58
73	7.71
74	12.04
75	11.46
76	10.96
77	9.92
78	5.92
79	2.08
80	1.46
81	2.08
82	7.92
83	10
84	9.74
85	3.71
86	1.62
87	8.12
88	8.79
89	5.29
90	8.12
91	14.78
92	10.21
93	3.65
94	1.54
95	4.79
96	-0.65
97	5.25
98	5.96
99	1.83
100	-1
101	-0.92
102	9.92
103	4.71
104	4.33
105	5.79
106	9.09
107	12.67
108	14.17
109	17.25
110	13.29
111	11.17
112	13.39
113	13.46
114	9.5
115	10.58
116	16.17
117	15.92
118	9
119	8.21
120	8.92
121	8
122	10.71
123	10.17
124	11.67
125	11.52
126	11.83
127	14.83
128	16.92
129	13.88
130	11.88
131	11.75
132	14.83
133	18.54
134	16.46
135	11.17
136	7.04
137	10.04
138	13.61
139	13.46
140	14.29
141	14.42
142	15.67
143	16.25
144	16
145	20.46
146	22.5
147	24.54
148	24.26
149	25.25
150	24.78
151	23.87
152	23.17
153	21.29
154	23.04
155	22.86
156	21.5
157	21.09
158	22.46
159	17.54
160	16.04
161	17.29
162	22.92
163	28.7
164	24.5
165	19.7
166	20.08
167	23
168	23.12
169	23.75
170	23.88
171	26.17
172	28.04
173	24.88
174	22.83
175	21.87
176	21.78
177	23.09
178	27.5
179	24.83
180	22.17
181	20.05
182	21.83
183	22.17
184	19.54
185	20.38
186	20.88
187	25.08
188	25.62
189	27.08
190	26.5
191	23.42
192	23.46
193	25.67
194	27.75
195	28.57
196	24.38
197	24.71
198	21.58
199	23.04
200	26.46
201	23.16
202	NaN
203	26.33
204	27.5
205	28.5
206	26
207	27.62
208	25.71
209	25.7
210	25.88
211	25.62
212	24.04
213	24.08
214	25.12
215	24.92
216	26.17
217	26.12
218	26.38
219	25
220	24.33
221	23.67
222	24.91
223	26.75
224	27.08
225	27.71
226	26.48
227	24.14
228	23.45
229	23.22
230	24.1
231	23.48
232	25.13
233	24.73
234	22
235	20
236	20.88
237	22.54
238	25.75
239	24.46
240	23.48
241	24.39
242	24.71
243	22.79
244	24.04
245	20.33
246	19.58
247	20.04
248	19.79
249	22.39
250	26.33
251	27.92
252	26.88
253	24.36
254	23.04
255	18.38
256	18.04
257	20.33
258	20.46
259	18.83
260	19.52
261	21.62
262	21.83
263	21.91
264	21.58
265	22.17
266	23.29
267	23.79
268	19.33
269	16.79
270	18.17
271	15.21
272	13.54
273	15.58
274	17.38
275	17.12
276	16.35
277	14.54
278	16
279	20.33
280	21.79
281	20.88
282	14.67
283	10.96
284	11.5
285	13.21
286	17.25
287	13.78
288	10.04
289	13.79
290	20.17
291	22.17
292	23.36
293	17.08
294	14.67
295	10.38
296	8.21
297	12.92
298	12.08
299	7.42
300	5.46
301	7.87
302	8.08
303	17.17
304	13.75
305	9.75
306	15.42
307	19.96
308	15.54
309	10.38
310	9.38
311	11.39
312	10.58
313	10.46
314	9.67
315	7.79
316	9.08
317	3.83
318	4.46
319	6.26
320	7.79
321	7.46
322	8.54
323	16.7
324	7.65
325	1.12
326	-0.71
327	-1.88
328	0.61
329	6.38
330	4.26
331	4.62
332	2.79
333	5.5
334	11.67
335	10.38
336	4.21
337	3.29
338	3
339	2.5
340	2.21
341	1.75
342	0.67
343	-2.42
344	-3.38
345	-3.33
346	-3.08
347	0.85
348	-5.17
349	-10.52
350	-12
351	-11.62
352	-3.12
353	-4.46
354	-13.25
355	-8.17
356	-3.09
357	1.92
358	-0.74
359	2.62
360	2
361	8.21
362	2.04
363	0.25
364	2.33
365	-0.83
366	2.04
