Year_Day	Wind_Speed
1	3.08
2	3.08
3	3.14
4	9.73
5	6.58
6	4.01
7	4.17
8	5.19
9	5.32
10	8.13
11	7.98
12	5.4
13	3.63
14	2.33
15	0.5
16	1.11
17	4.77
18	5.86
19	4.21
20	2.81
21	3.05
22	2.95
23	4.53
24	3.59
25	4.12
26	8.61
27	6.86
28	6.93
29	4.83
30	3.81
31	6.04
32	4.92
33	6.39
34	5.79
35	4.83
36	5.63
37	2.53
38	3.09
39	5.77
40	6.11
41	5.64
42	3.14
43	6.02
44	5.58
45	5.65
46	6.58
47	4.9
48	2.89
49	5.44
50	3.64
51	3.21
52	1.52
53	3.35
54	4.64
55	5.65
56	7.97
57	6.36
58	4.66
59	4.63
60	8.92
61	8.25
62	6.15
63	3.72
64	4.11
65	6
66	8.79
67	8.26
68	5.3
69	5.95
70	5.16
71	3.47
72	4.8
73	6.2
74	7.49
75	4.5
76	3.51
77	5.06
78	2.52
79	2.73
80	3.43
81	5.42
82	2.96
83	6.6
84	4.86
85	3.72
86	3.33
87	2.79
88	2.98
89	6.09
90	4.14
91	3.54
92	2.95
93	2.71
94	8.44
95	5.1
96	7.31
97	7.58
98	3
99	5.66
100	7.5
101	5.47
102	3.39
103	3.59
104	4.63
105	5.23
106	6.91
107	3.18
108	4.03
109	5.19
110	4.83
111	6.9
112	4.39
113	1.95
114	4.12
115	3.39
116	5.26
117	6.84
118	4.95
119	3.7
120	4.78
121	5.95
122	8.98
123	3.94
124	4.49
125	6.9
126	5.94
127	5.18
128	4.34
129	2.17
130	3.41
131	4.35
132	3.11
133	2.14
134	3.67
135	2.46
136	4.77
137	7.07
138	7.81
139	5.12
140	4.91
141	4.65
142	5.83
143	3
144	3.74
145	4.04
146	3.64
147	2.92
148	2.32
149	5.12
150	5.26
151	5.75
152	3.55
153	2.72
154	1.74
155	4.35
156	3.48
157	4.38
158	4.42
159	1.82
160	4.3
161	5.8
162	6.98
163	5.25
164	3.65
165	1.51
166	3.73
167	2.42
168	4.93
169	6.59
170	4.56
171	5.8
172	1.66
173	3.95
174	5.37
175	5.04
176	5.75
177	4.53
178	4.12
179	3.86
180	7.19
181	4.16
182	4.86
183	3.81
184	2.66
185	3.19
186	1.94
187	0.93
188	4.16
189	4.15
190	2.47
191	3.45
192	3.5
193	5.37
194	4.31
195	3.14
196	2.74
197	3.27
198	2.75
199	2.42
200	2.72
201	2.85
202	1.48
203	3.62
204	2.26
205	3.17
206	2.32
207	2.12
208	1.72
209	3.82
210	4.13
211	1.42
212	1.52
213	1.6
214	2.8
215	2.79
216	5.87
217	4.41
218	2.23
219	1.42
220	1.99
221	1.92
222	2.04
223	3.71
224	3.97
225	1.63
226	2.41
227	2.76
228	2.86
229	3.82
230	5.67
231	2.64
232	1.57
233	2.47
234	5.33
235	4.02
236	3.12
237	2.56
238	1.46
239	1.48
240	0.9
241	1.71
242	1.22
243	3.09
244	5.45
245	3.49
246	3.88
247	5.21
248	4.37
249	2.43
250	3.65
251	2.76
252	3.12
253	2.45
254	1.79
255	3.04
256	2.89
257	0.86
258	1.95
259	1.67
260	1.76
261	1.72
262	2.39
263	1.74
264	1.67
265	1.87
266	1.68
267	2.17
268	1.4
269	2.39
270	2.94
271	3.69
272	4.5
273	3.16
274	2.1
275	2.2
276	3.88
277	4.96
278	2.2
279	2.45
280	5.81
281	5.25
282	2.26
283	2.27
284	4.96
285	3.28
286	1.37
287	2.34
288	7.29
289	3.05
290	4.55
291	3.56
292	4.69
293	1.94
294	3.04
295	4.51
296	4.99
297	8.17
298	5.74
299	2.44
300	5.74
301	4.5
302	3.26
303	5.71
304	6.28
305	2.64
306	4.89
307	3.39
308	3.19
309	2.39
310	3.79
311	2.49
312	1.85
313	4.28
314	4.67
315	2.81
316	1.07
317	2.83
318	1.75
319	4.4
320	6.47
321	3.16
322	4.8
323	7.84
324	6.42
325	7.8
326	4.42
327	3.72
328	5.06
329	6.42
330	4.36
331	2.59
332	5.8
333	3.82
334	4.41
335	1.53
336	2.04
337	2.07
338	5.03
339	9.88
340	7.85
341	5.46
342	6.28
343	4.3
344	5.4
345	3.12
346	6.3
347	5.06
348	3.84
349	4.53
350	4.9
351	2.14
352	4.9
353	7.4
354	2.96
355	2.5
356	2.2
357	3.25
358	2.52
359	7.09
360	4.81
361	2.94
362	0.62
363	3.06
364	4.84
365	2.25
