Year_Day	Air_Temp
1	0.25
2	1.92
3	4.46
4	-0.96
5	-7.5
6	-12.17
7	-13.08
8	-10.42
9	-6.38
10	1.68
11	4.67
12	7.58
13	-2.61
14	-1.58
15	-3.3
16	-1.17
17	5.87
18	3.77
19	2.54
20	3.79
21	10.42
22	8.79
23	3.92
24	4.42
25	5.12
26	3.88
27	0.04
28	-2.21
29	-1.62
30	-4
31	0.71
32	1.96
33	-2.58
34	-5.67
35	-5.54
36	1.71
37	1.58
38	7.42
39	3.5
40	-4.58
41	-5.67
42	4.08
43	4.08
44	1.83
45	3.33
46	1.21
47	-1.58
48	2.54
49	10.54
50	10.29
51	6.42
52	7.33
53	12.88
54	15.5
55	13.04
56	5.42
57	-0.21
58	4.61
59	7.75
60	12.75
61	0.38
62	-2.58
63	-3.71
64	0.29
65	11.17
66	13
67	6.9
68	5.88
69	0.46
70	-5.29
71	-4.29
72	-3.46
73	-5.77
74	-6.17
75	-1.25
76	-1.17
77	3.09
78	3.42
79	4.17
80	6.46
81	-1.25
82	-0.46
83	12.79
84	8.88
85	6.42
86	12.96
87	9.17
88	6.58
89	5.79
90	5.29
91	6.21
92	8
93	9.25
94	12.75
95	8.26
96	4.88
97	4.75
98	8
99	14.58
100	19.48
101	15.67
102	10.62
103	9.42
104	10.04
105	17.21
106	20.7
107	15.75
108	12.17
109	18.46
110	17.17
111	13.05
112	10.77
113	11.05
114	12
115	15.08
116	19.17
117	19.61
118	12
119	10.43
120	10.21
121	16.13
122	9.67
123	9.42
124	9.04
125	7.79
126	10.21
127	9.5
128	8.5
129	10.12
130	12.48
131	11.96
132	12.33
133	14.5
134	18.42
135	14.79
136	20.91
137	25.71
138	26.42
139	15.17
140	12.92
141	18.67
142	16.54
143	17.04
144	16.92
145	16.78
146	17.42
147	19.17
148	19.38
149	20.38
150	19.83
151	18.62
152	17.76
153	19.78
154	22
155	24.95
156	20.94
157	17.89
158	16.25
159	18
160	20.12
161	25.21
162	27.08
163	28.21
164	28.38
165	24.12
166	24.79
167	25.75
168	26.39
169	26.04
170	21.45
171	20.42
172	19.83
173	23.29
174	23.79
175	21.17
176	18.96
177	18.21
178	16.67
179	19.71
180	25.62
181	22.52
182	23.62
183	23.62
184	23.58
185	22.58
186	22.91
187	23.25
188	23.29
189	22
190	21.33
191	20.3
192	24.88
193	25.95
194	25.75
195	24.79
196	22.29
197	23.29
198	22.58
199	23.96
200	26
201	26.17
202	26.75
203	25.71
204	24
205	21.58
206	20.17
207	21.29
208	24
209	22.08
210	21.71
211	23.21
212	24.21
213	24.17
214	24.08
215	23.13
216	20.83
217	18.62
218	19.71
219	20.46
220	21.21
221	22
222	22.5
223	22.33
224	21.25
225	21.33
226	21.92
227	23.91
228	23.78
229	24.58
230	24.17
231	22.21
232	22.62
233	25.29
234	24.33
235	19.54
236	17.96
237	17.04
238	17.29
239	18.38
240	18.83
241	19.71
242	19.92
243	19.26
244	16.17
245	17.5
246	19.17
247	21.29
248	19.39
249	14.21
250	13.04
251	15
252	14.29
253	14.42
254	15.79
255	18.52
256	19.58
257	18.75
258	19.88
259	20.71
260	21.92
261	21.65
262	20.58
263	22.17
264	24.78
265	25.33
266	23.65
267	24.25
268	24.67
269	25.52
270	23.38
271	16.83
272	15.21
273	13.7
274	12.21
275	15.67
276	19.91
277	22.79
278	19.38
279	18.92
280	22.62
281	19.42
282	20.46
283	18.54
284	16.17
285	12.46
286	16.42
287	17.62
288	19.79
289	10.21
290	11.75
291	13.04
292	15.35
293	13.73
294	16.22
295	18.12
296	17.88
297	10.79
298	7.87
299	5.58
300	10
301	4.71
302	5.29
303	5.21
304	4.82
305	4.12
306	13.58
307	11.58
308	7.39
309	15.25
310	9.78
311	6.61
312	4.21
313	3.92
314	-2.5
315	-2
316	2.04
317	4.08
318	4.75
319	4.17
320	5.62
321	4
322	7.83
323	3
324	2.12
325	6.33
326	1.38
327	0.04
328	3.83
329	8.78
330	2.58
331	4.65
332	10.38
333	7.83
334	5.35
335	3
336	2.79
337	4.38
338	7.12
339	8.42
340	0.5
341	-2.83
342	-4.17
343	-3.42
344	-2.83
345	-1.83
346	-3.25
347	-6.35
348	-6.87
349	-7.29
350	0.42
351	-0.21
352	4.52
353	6.71
354	1
355	-0.25
356	2.46
357	1.08
358	-3.21
359	-7.12
360	-12.33
361	-16.08
362	-16
363	-10.48
364	-9.96
365	-14.58
