Year_Day	Air_Temp
1	-14.3
2	-16.67
3	-12.92
4	-10.5
5	-16.12
6	-16.21
7	-11.88
8	0.78
9	-0.62
10	0.5
11	11.62
12	4.25
13	-8.96
14	-9.12
15	-8.33
16	-11.79
17	-13.04
18	-7.5
19	-2.58
20	1.79
21	3.96
22	9
23	4.83
24	-1
25	-1.21
26	3.79
27	8.04
28	1.42
29	-1.3
30	-6.17
31	-0.83
32	1.39
33	-9.67
34	-5.08
35	0.42
36	-9.96
37	-8.33
38	-5.92
39	-8.55
40	-5.21
41	-3.57
42	-2.82
43	-4.67
44	-7.33
45	0.57
46	8.25
47	4.1
48	-1.58
49	0.79
50	6
51	16.92
52	9.25
53	1
54	4.64
55	4.62
56	5.71
57	4.5
58	6.75
59	9.73
60	2.85
61	1.21
62	0.64
63	1.22
64	0
65	2.62
66	1.5
67	-2.5
68	-0.71
69	-1
70	-0.87
71	-1.67
72	-0.79
73	-1.04
74	1.57
75	-1.36
76	0.25
77	3.62
78	2.78
79	0.91
80	1.75
81	2.43
82	1.52
83	0.26
84	-0.73
85	4.7
86	9.5
87	6.88
88	5.25
89	4.87
90	4.54
91	3.25
92	1.5
93	3.92
94	4.46
95	1.42
96	4.04
97	-0.54
98	-0.96
99	1.71
100	1.79
101	6.82
102	15
103	11.71
104	5.21
105	3.25
106	3.17
107	1.04
108	2.12
109	5.71
110	6.33
111	6.79
112	8.5
113	11.71
114	11.88
115	11.54
116	9.17
117	12.5
118	7.96
119	7.04
120	12
121	18.54
122	22.38
123	20.46
124	20.67
125	17.08
126	18.61
127	14.3
128	15.67
129	19.67
130	20.41
131	10.67
132	9.83
133	11.62
134	16.54
135	19.83
136	17.08
137	18.71
138	15
139	19.42
140	17.62
141	14.58
142	19
143	19.21
144	21.29
145	22.92
146	23.42
147	25.25
148	27.75
149	26.83
150	25.42
151	26.58
152	24.08
153	18.42
154	19.92
155	19.79
156	19.38
157	16.46
158	21.08
159	22.67
160	21.71
161	19.79
162	18.71
163	20.26
164	24.08
165	21.87
166	23.21
167	24.46
168	27.79
169	29.67
170	24.12
171	20.83
172	20.62
173	21.08
174	21.83
175	21.71
176	19.5
177	22.62
178	22.57
179	23.54
180	26.42
181	28.38
182	28.75
183	27.83
184	27.77
185	28.25
186	29.25
187	25.04
188	21.38
189	22.25
190	24.67
191	26.17
192	24.25
193	23.54
194	25.12
195	26.71
196	28.79
197	27
198	25.83
199	23.04
200	22.67
201	21.75
202	20.71
203	21.46
204	20.38
205	23.67
206	25.58
207	23.93
208	21.33
209	20.75
210	21.25
211	21.3
212	22.08
213	22
214	22.13
215	24.26
216	24.29
217	27.25
218	26.92
219	23.38
220	24.71
221	23.58
222	23.79
223	23.46
224	23.54
225	23.58
226	24.5
227	25.38
228	22.62
229	23.67
230	23.29
231	22.54
232	21.71
233	23.52
234	20.33
235	19.79
236	20.04
237	22.5
238	25.08
239	27.58
240	27.67
241	26.79
242	21.62
243	20.83
244	23.52
245	25.96
246	26.96
247	26.29
248	27.67
249	23.75
250	21.08
251	18.71
252	17.42
253	16.83
254	17.79
255	17.38
256	20.17
257	23
258	22.96
259	23.92
260	23.5
261	24.08
262	22.12
263	21.29
264	26.71
265	15.75
266	14.25
267	16.38
268	21.54
269	20.5
270	13.33
271	14.46
272	12.86
273	16.43
274	17.43
275	21.38
276	21.29
277	22.92
278	12.62
279	21.42
280	17.58
281	22.22
282	24.88
283	22.71
284	15.75
285	8.62
286	7.17
287	9.29
288	11.62
289	5.92
290	8.39
291	4.54
292	8.08
293	10.62
294	4.46
295	6.75
296	8.54
297	5.71
298	3.67
299	7.88
300	7.38
301	6.54
302	8.04
303	8
304	14.04
305	8.67
306	6.96
307	6.88
308	6.96
309	10.75
310	11.7
311	5.04
312	4.04
313	1.73
314	-2.33
315	1.35
316	0.67
317	1.17
318	-3.21
319	0
320	1.25
321	3.29
322	1.68
323	1.58
324	0.75
325	1.04
326	-2.38
327	1.71
328	7.71
329	7
330	3.5
331	-1.33
332	-2.83
333	-2.42
334	0.83
335	2.17
336	10.71
337	3.61
338	-0.46
339	-1.38
340	-0.62
341	-3.75
342	-4.33
343	-5.04
344	-4.71
345	-2.5
346	0.54
347	2.79
348	4.88
349	3.33
350	3.67
351	1.75
352	-0.88
353	0.42
354	4.29
355	4.46
356	1.58
357	1.27
358	0.56
359	-0.53
360	2.68
361	3.04
362	10.22
363	1.47
364	0.33
365	2.29
