Year_Day	Wind_Speed
1	3.65
2	6.66
3	5.62
4	5.35
5	4.46
6	1.98
7	4.75
8	6.67
9	3.82
10	3.48
11	7.7
12	6.52
13	6.45
14	2.92
15	3.77
16	5.89
17	5.16
18	7.99
19	7.19
20	6.83
21	2.2
22	4.75
23	7.1
24	4.54
25	2.98
26	4.83
27	7.11
28	1.91
29	4.38
30	3.84
31	7.12
32	5.99
33	6.28
34	5.58
35	5.63
36	4.9
37	2.1
38	2.79
39	4.6
40	2.28
41	3.2
42	4.26
43	2.84
44	1.92
45	3.13
46	3.96
47	4.1
48	2.5
49	3.78
50	4.58
51	6.33
52	4.39
53	5.32
54	4.47
55	4.53
56	8.49
57	4.3
58	4.34
59	4.5
60	7.35
61	7.13
62	2.6
63	3.22
64	4.42
65	3.77
66	5.87
67	6.36
68	6.43
69	2.22
70	1.9
71	2.52
72	4.48
73	6.1
74	5.94
75	3.42
76	1.54
77	3.2
78	4.91
79	7.36
80	5.98
81	3.57
82	3.18
83	3.63
84	6.12
85	5.01
86	5.15
87	3.45
88	3.18
89	3.12
90	5.55
91	4.66
92	2.72
93	3.68
94	10.43
95	4.67
96	6.66
97	4.79
98	2.94
99	2.69
100	3.39
101	5.83
102	6.26
103	3.42
104	6.39
105	7.1
106	6.55
107	7.77
108	2.85
109	5.55
110	2.14
111	1.79
112	3.71
113	3.91
114	3.85
115	3.65
116	1.9
117	4.03
118	4.2
119	2.85
120	3.38
121	5.47
122	6.65
123	5.51
124	8.61
125	2.93
126	3.5
127	3.47
128	1.37
129	4.22
130	6.17
131	4.71
132	4.15
133	2.93
134	2.11
135	3.28
136	2.95
137	2.72
138	6.48
139	4.4
140	3.1
141	3.66
142	3.39
143	2.35
144	0.88
145	2.47
146	2.56
147	1.7
148	1.9
149	2.63
150	5.2
151	6.9
152	2.62
153	3.73
154	3.94
155	6.47
156	4.44
157	2.46
158	3.53
159	3.26
160	2.73
161	3.03
162	5
163	2.94
164	4.57
165	3.09
166	2.87
167	2.59
168	2.8
169	5.22
170	4
171	3.29
172	2.59
173	5.35
174	3.35
175	4.12
176	3.7
177	3.38
178	4.94
179	3.28
180	2.94
181	3.92
182	4.09
183	3.68
184	3.3
185	1.65
186	3.48
187	4.79
188	3.67
189	1.69
190	2.87
191	2.67
192	2.62
193	1.78
194	1.91
195	2.17
196	2.49
197	3.3
198	3.55
199	2.82
200	3.4
201	4.27
202	4.26
203	3.48
204	1.29
205	1.87
206	2.74
207	5.23
208	3.52
209	3.16
210	1.92
211	1.13
212	2.71
213	3.23
214	2.71
215	3.45
216	1.12
217	3.78
218	3.52
219	2.67
220	3.89
221	3.38
222	2.36
223	1.38
224	1.74
225	1.73
226	2.34
227	3.08
228	3.58
229	2.63
230	2.56
231	2.01
232	2.39
233	4.12
234	4.49
235	2.51
236	2.78
237	5.45
238	2.82
239	4.6
240	5.73
241	5.53
242	3.73
243	2.09
244	3.72
245	3.9
246	3.4
247	2.04
248	3.14
249	2.49
250	2.86
251	2.98
252	6.01
253	3.69
254	2.2
255	1.65
256	2.39
257	1.42
258	2.17
259	3
260	2.42
261	1.52
262	3.17
263	2.37
264	6.94
265	4.06
266	2.03
267	2.86
268	4.69
269	5.39
270	0.98
271	3.51
272	2.47
273	2.64
274	3.4
275	4.87
276	3.36
277	6.08
278	3.02
279	3.68
280	2.77
281	2.74
282	4.12
283	4.9
284	6.85
285	4.72
286	4.23
287	2.76
288	5.22
289	5.07
290	6.2
291	2.17
292	4.93
293	7.63
294	5.53
295	3.67
296	4.16
297	3.13
298	0.63
299	3.2
300	4.3
301	3.58
302	4.88
303	2.31
304	5.4
305	2.98
306	4.3
307	3.55
308	3.11
309	4.78
310	7.73
311	6.87
312	2.63
313	2.92
314	7.23
315	4.49
316	0.66
317	4
318	2.38
319	2.76
320	5.97
321	2.81
322	1.27
323	0.78
324	3.62
325	5.57
326	3.84
327	4.11
328	6.53
329	3.48
330	6.33
331	6.64
332	6.03
333	3.54
334	1.1
335	4.33
336	5.79
337	5.86
338	3
339	3.81
340	6
341	3.24
342	3.15
343	1.07
344	2.12
345	5.78
346	3.68
347	2.38
348	1.95
349	3.83
350	3.35
351	3.88
352	1.97
353	3
354	2.44
355	4.55
356	5.9
357	3.02
358	4.79
359	2.3
360	2.63
361	4.13
362	7.76
363	5.33
364	5.16
365	2.88
